00000000
00011101
00000000
10010100
11110011
11010000
11010010
11011110
11110001
10000000
10110110
10001000
10010000
10100000
11000010
11100001
10111001
11111101
10110101
11100001
11001100
11100111
10101011
11100010
10001110
10011010
11111000
10001111
10000001
10010010
11101000
11011000
10000000
11111001
11011110
11100000
00101100
01101001
00011000
00010000
00000011
01001000
01111110
00100101
00000110
01001110
01001000
01001010
00000100
00101100
00101001
01001100
01010100
01000111
01001001
00011000
00111011
00111101
00010110
01101101
00010011
00101100
01001100
00001111
01100010
00010001
01010100
00000011
01011010
00111100
11111100
11101010
00011101
11101100
11000001
11010111
11011100
11110000
11100101
11111111
10000011
10110011
11100000
11100000
11110101
10111111
10101100
10100110
11100111
11011010
11000010
11010101
10110111
11100011
11000000
11101111
10101000
11001110
11001101
10110100
11110101
10110000
11001110
10000000
11101000
11110010
10100000
11101000
01100110
00111011
01010011
00001000
00110010
00000011
01111001
01110111
01111010
01000011
01111010
00011011
00110101
01001101
00000111
00011100
01111001
01011000
00000111
01011111
00100011
01000100
01100001
00110011
01010101
00100001
01010110
00010000
00100010
00101110
00101010
01111100
00110000
01001000
10010000
10010100
11110011
11010000
11010010
11011110
11110001
10000000
10110110
10001000
10010000
10100000
11000010
11100001
10111001
11111101
10110101
11100001
11001100
11100111
10101011
11100010
10001110
10011010
11111000
10001111
10000001
10010010
11101000
11011000
10000000
11111001
11011110
11100000
00101100
01101001
00011000
00010000
00000011
01001000
01111110
00100101
00000110
01001110
01001000
01001010
00000100
00101100
00101001
01001100
01010100
01000111
01001001
00011000
00111011
00111101
00010110
01101101
00010011
00101100
01001100
00001111
01100010
00010001
01010100
00000011
01011010
00111100
11111100
11101010
00011101
11101100
11000001
11010111
11011100
11110000
11100101
11111111
10000011
10110011
11100000
11100000
11110101
10111111
10101100
10100110
11100111
11011010
11000010
11010101
10110111
11100011
11000000
11101111
10101000
11001110
11001101
10110100
11110101
10110000
11001110
10000000
11101000
11110010
10100000
11101000
01100110
00111011
01010011
00001000
00110010
00000011
01111001
01110111
01111010
01000011
01111010
00011011
00110101
01001101
00000111
00011100
01111001
01011000
00000111
01011111
00100011
01000100
01100001
00110011
01010101
00100001
01010110
00010000
00100010
00101110
00101010
01111100
00110000
01001000
10010000
10010100
11110011
11010000
11010010
11011110
11110001
10000000
10110110
10001000
10010000
10100000
11000010
11100001
10111001
11111101
10110101
11100001
11001100
11100111
10101011
11100010
10001110
10011010
11111000
10001111
10000001
10010010
11101000
11011000
10000000
11111001
11011110
11100000
00101100
01101001
00011000
00010000
00000011
01001000
01111110
00100101
00000110
01001110
01001000
01001010
00000100
00101100
00101001
01001100
01010100
01000111
01001001
00011000
00111011
00111101
00010110
01101101
00010011
00101100
01001100
00001111
01100010
00010001
01010100
00000011
01011010
00111100
11111100
11101010
00011101
11101100
11000001
11010111
11011100
11110000
11100101
11111111
10000011
10110011
11100000
11100000
11110101
10111111
10101100
10100110
11100111
11011010
11000010
11010101
10110111
11100011
11000000
11101111
10101000
11001110
11001101
10110100
11110101
10110000
11001110
10000000
11101000
11110010
10100000
11101000
01100110
00111011
01010011
00001000
00110010
00000011
01111001
01110111
01111010
01000011
01111010
00011011
00110101
01001101
00000111
00011100
01111001
01011000
00000111
01011111
00100011
01000100
01100001
00110011
01010101
00100001
01010110
00010000
00100010
00101110
00101010
01111100
00110000
01001000
10010000
10010100
11110011
11010000
11010010
11011110
11110001
10000000
10110110
10001000
10010000
10100000
11000010
11100001
10111001
11111101
10110101
11100001
11001100
11100111
10101011
11100010
10001110
10011010
11111000
10001111
10000001
10010010
11101000
11011000
10000000
11111001
11011110
11100000
00101100
01101001
00011000
00010000
00000011
01001000
01111110
00100101
00000110
01001110
01001000
01001010
00000100
00101100
00101001
01001100
01010100
01000111
01001001
00011000
00111011
00111101
00010110
01101101
00010011
00101100
01001100
00001111
01100010
00010001
01010100
00000011
01011010
00111100
11111100
11101010
00011101
11101100
11000001
11010111
11011100
11110000
11100101
11111111
10000011
10110011
11100000
11100000
11110101
10111111
10101100
10100110
11100111
11011010
11000010
11010101
10110111
11100011
11000000
11101111
10101000
11001110
11001101
10110100
11110101
10110000
11001110
10000000
11101000
11110010
10100000
11101000
01100110
00111011
01010011
00001000
00110010
00000011
01111001
01110111
01111010
01000011
01111010
00011011
00110101
01001101
00000111
00011100
01111001
01011000
00000111
01011111
00100011
01000100
01100001
00110011
01010101
00100001
01010110
00010000
00100010
00101110
00101010
01111100
00110000
01001000
10010000
10010100
11110011
11010000
11010010
11011110
11110001
10000000
10110110
10001000
10010000
10100000
11000010
11100001
10111001
11111101
10110101
11100001
11001100
11100111
10101011
11100010
10001110
10011010
11111000
10001111
10000001
10010010
11101000
11011000
10000000
11111001
11011110
11100000
00101100
01101001
00011000
00010000
00000011
01001000
01111110
00100101
00000110
01001110
01001000
01001010
00000100
00101100
00101001
01001100
01010100
01000111
01001001
00011000
00111011
00111101
00010110
01101101
00010011
00101100
01001100
00001111
01100010
00010001
01010100
00000011
01011010
00111100
11111100
11101010
00011101
11101100
11000001
11010111
11011100
11110000
11100101
11111111
10000011
10110011
11100000
11100000
11110101
10111111
10101100
10100110
11100111
11011010
11000010
11010101
10110111
11100011
11000000
11101111
10101000
11001110
11001101
10110100
11110101
10110000
11001110
10000000
11101000
11110010
10100000
11101000
01100110
00111011
01010011
00001000
00110010
00000011
01111001
01110111
01111010
01000011
01111010
00011011
00110101
01001101
00000111
00011100
01111001
01011000
00000111
01011111
00100011
01000100
01100001
00110011
01010101
00100001
01010110
00010000
00100010
00101110
00101010
01111100
00110000
