0
7
14
18
20
21
22
24
29
35
41
47
49
49
48
46
45
45
48
51
53
53
50
45
40
34
31
30
29
29
27
23
15
8
0
-5
-8
-10
-11
-13
-17
-23
-29
-36
-41
-44
-44
-43
-42
-43
-45
-49
-52
-55
-55
-52
-48
-43
-39
-37
-37
-37
-37
-34
-30
-23
-16
-8
-4
-1
0
1
4
8
16
23
30
34
37
37
37
37
39
43
48
52
55
55
52
49
45
43
42
43
44
44
41
36
29
23
17
13
11
10
8
5
0
-8
-15
-23
-27
-29
-29
-30
-31
-34
-40
-45
-50
-53
-53
-51
-48
-45
-45
-46
-48
-49
-49
-47
-41
-35
-29
-24
-22
-21
-20
-18
-14
-7
0
7
14
18
20
21
22
24
29
35
41
47
49
49
48
46
45
45
48
51
53
53
50
45
40
34
31
30
29
29
27
23
15
8
0
-5
-8
-10
-11
-13
-17
-23
-29
-36
-41
-44
-44
-43
-42
-43
-45
-49
-52
-55
-55
-52
-48
-43
-39
-37
-37
-37
-37
-34
-30
-23
-16
-8
-4
-1
0
1
4
8
16
23
30
34
37
37
37
37
39
43
48
52
55
55
52
49
45
43
42
43
44
44
41
36
29
23
17
13
11
10
8
5
0
-8
-15
-23
-27
-29
-29
-30
-31
-34
-40
-45
-50
-53
-53
-51
-48
-45
-45
-46
-48
-49
-49
-47
-41
-35
-29
-24
-22
-21
-20
-18
-14
-7
0
7
14
18
20
21
22
24
29
35
41
47
49
49
48
46
45
45
48
51
53
53
50
45
40
34
31
30
29
29
27
23
15
8
0
-5
-8
-10
-11
-13
-17
-23
-29
-36
-41
-44
-44
-43
-42
-43
-45
-49
-52
-55
-55
-52
-48
-43
-39
-37
-37
-37
-37
-34
-30
-23
-16
-8
-4
-1
0
1
4
8
16
23
30
34
37
37
37
37
39
43
48
52
55
55
52
49
45
43
42
43
44
44
41
36
29
23
17
13
11
10
8
5
0
-8
-15
-23
-27
-29
-29
-30
-31
-34
-40
-45
-50
-53
-53
-51
-48
-45
-45
-46
-48
-49
-49
-47
-41
-35
-29
-24
-22
-21
-20
-18
-14
-7
0
7
14
18
20
21
22
24
29
35
41
47
49
49
48
46
45
45
48
51
53
53
50
45
40
34
31
30
29
29
27
23
15
8
0
-5
-8
-10
-11
-13
-17
-23
-29
-36
-41
-44
-44
-43
-42
-43
-45
-49
-52
-55
-55
-52
-48
-43
-39
-37
-37
-37
-37
-34
-30
-23
-16
-8
-4
-1
0
1
4
8
16
23
30
34
37
37
37
37
39
43
48
52
55
55
52
49
45
43
42
43
44
44
41
36
29
23
17
13
11
10
8
5
0
-8
-15
-23
-27
-29
-29
-30
-31
-34
-40
-45
-50
-53
-53
-51
-48
-45
-45
-46
-48
-49
-49
-47
-41
-35
-29
-24
-22
-21
-20
-18
-14
-7
0
7
14
18
20
21
22
24
29
35
41
47
49
49
48
46
45
45
48
51
53
53
50
45
40
34
31
30
29
29
27
23
15
8
0
-5
-8
-10
-11
-13
-17
-23
-29
-36
-41
-44
-44
-43
-42
-43
-45
-49
-52
-55
-55
-52
-48
-43
-39
-37
-37
-37
-37
-34
-30
-23
-16
-8
-4
-1
0
1
4
8
16
23
30
34
37
37
37
37
39
43
48
52
55
55
52
49
45
43
42
43
44
44
41
36
29
23
17
13
11
10
8
5
0
-8
-15
-23
-27
-29
-29
-30
-31
-34
-40
-45
-50
-53
-53
-51
-48
-45
-45
-46
-48
-49
-49
-47
-41
-35
-29
-24
-22
-21
-20
-18
-14
-7
0
